ID	AG	AM	BE	BLK	CO	DA	DI	ER	FI	FS	GL	GU	HC	HO	HR	IJ	IN	IV	JR	NE	NI	NO	NR	PB	PE	PO	RB	TH	TL	TO	TU	YN
BA	-0.0423	0.1103	-0.2415	-0.0532	-0.4077	-0.2818	-0.4154	0.4622	-0.0187	NA	0.0238	-0.2065	0.202	0.0497	0.1082	-0.0966	0.0732	NA	-0.3034	-0.0889	-0.1291	0.0088	-0.0633	-0.1875	-0.1136	-0.1875	-0.1869	-0.0416	0.2339	0.1982	-0.184	NA
BA.1	-0.0423	0.1103	-0.2415	-0.0532	-0.4077	-0.2818	NA	0.4622	-0.0187	-0.2549	0.0238	NA	0.202	0.0497	0.1082	-0.0966	0.0732	NA	-0.3034	-0.0889	-0.1291	0.0088	-0.0633	-0.1875	-0.1136	-0.1875	-0.1869	-0.0416	0.2339	0.1982	-0.184	-0.1876
BR	-9e-4	-0.2712	-0.1673	0.0879	-0.0099	0.1991	0.0425	NA	-0.1834	NA	NA	0	NA	0.2658	-0.0287	0.1664	0.0454	-0.1546	0.0458	-0.2295	-0.0773	0.0922	-0.0281	-0.1738	-0.1641	NA	0.0817	-0.155	-0.1185	NA	0.0326	NA
BR.1	-9e-4	-0.2712	-0.1673	0.0879	-0.0099	0.1991	0.0425	0.0653	-0.1834	-0.3282	-0.251	0	-0.0719	0.2658	-0.0287	0.1664	0.0454	NA	0.0458	-0.2295	-0.0773	0.0922	-0.0281	-0.1738	-0.1641	-0.1228	0.0817	-0.155	-0.1185	-0.0924	0.0326	NA
DB	0.1562	-0.1748	0.1241	0.0091	-0.2379	-0.0921	0.4787	NA	NA	NA	NA	0.0772	NA	-0.2324	0.0469	NA	-0.2084	-0.1532	0.4339	0.1229	-0.1769	-0.1147	-0.0113	-0.3517	-0.2806	NA	-0.2336	-0.1537	-0.2233	NA	-0.0549	NA
DB.1	0.1562	-0.1748	0.1241	0.0091	-0.2379	-0.0921	NA	-0.1831	-0.0733	-0.1268	-0.0916	0.0772	-0.2114	-0.2324	0.0469	-0.2178	-0.2084	NA	0.4339	0.1229	-0.1769	-0.1147	-0.0113	-0.3517	-0.2806	-0.1754	-0.2336	-0.1537	-0.2233	-0.1366	-0.0549	0.0106
FE	-0.0396	0.1601	0.1233	0.2416	-0.0902	0.0796	-0.1014	NA	NA	NA	NA	-0.2496	NA	0.1029	-0.1784	NA	0.0698	0.2103	0.2274	-0.1876	-0.0657	-0.1157	-0.012	-0.0588	0.1261	NA	0.1768	0.134	-0.113	NA	-0.1732	NA
FE.1	-0.0396	0.1601	0.1233	0.2416	-0.0902	0.0796	-0.1014	-0.1841	0.5477	NA	NA	-0.2496	-0.0103	0.1029	-0.1784	-0.1346	0.0698	NA	0.2274	-0.1876	-0.0657	-0.1157	-0.012	-0.0588	0.1261	NA	0.1768	0.134	-0.113	NA	-0.1732	NA
FE.2	-0.0396	0.1601	0.1233	0.2416	-0.0902	0.0796	NA	-0.1841	0.5477	0.4361	-0.2075	-0.2496	-0.0103	0.1029	-0.1784	-0.1346	0.0698	NA	0.2274	-0.1876	-0.0657	-0.1157	-0.012	-0.0588	0.1261	0.4118	0.1768	0.134	-0.113	0.1875	-0.1732	-0.2379
GA	-0.1268	0.0603	0.0754	-0.2308	-0.1979	-0.2157	-0.1219	NA	NA	NA	NA	0.5184	NA	-0.2379	0.0585	NA	-0.2993	-0.2221	-0.0563	0.0795	0.1084	0.1888	0.0913	-0.0331	-0.1269	NA	-0.1359	-0.0671	0.0653	NA	0.0209	NA
GD.N	-0.2765	-0.0658	0.1031	0.1045	0.0011	0.1678	NA	-0.1748	-0.024	-0.1237	-0.2998	-0.1852	0.122	0.187	-0.3222	-0.014	0.1004	NA	-0.0349	-0.3201	-0.22	-0.2794	-0.2393	0.0978	0.1056	0.4693	0.4165	0.0607	-0.1609	-0.0342	-0.1117	0.1111
HE	0.103	-0.1792	0.2598	0.0149	0.0146	0.09	-0.0397	NA	NA	NA	NA	0.029	NA	0.4686	0.4681	NA	0.369	0.2289	0.1899	0.1878	-0.1223	0.1467	0.0429	-0.3663	-0.0451	NA	0.3172	0.0257	0.0041	NA	0.133	NA
HE.1	0.103	-0.1792	0.2598	0.0149	0.0146	0.09	-0.0397	-0.0097	0.1661	-0.2473	0.0905	0.029	0.6296	0.4686	0.4681	0.1266	0.369	NA	0.1899	0.1878	-0.1223	0.1467	0.0429	-0.3663	-0.0451	0.2547	0.3172	0.0257	0.0041	-0.0819	0.133	NA
IZ	0.0662	-0.26	-0.2567	-0.2543	0.0395	-0.1187	-0.3649	NA	NA	NA	NA	-0.3883	NA	0.0824	0.0242	NA	0.4787	0.0039	-0.2095	-0.0544	-0.0327	-0.0804	-0.0319	-0.0842	-0.2526	NA	-0.0235	-0.241	0.0325	NA	-0.1412	NA
IZ.1	0.0662	-0.26	-0.2567	-0.2543	0.0395	-0.1187	-0.3649	0.0194	-0.099	-0.3844	-0.2359	-0.3883	0.2783	0.0824	0.0242	0.4017	0.4787	NA	-0.2095	-0.0544	-0.0327	-0.0804	-0.0319	-0.0842	-0.2526	-0.2649	-0.0235	-0.241	0.0325	-0.3287	-0.1412	NA
JU	-0.3098	-0.09	0.0819	0.2452	-0.0192	0.2549	-0.0184	NA	NA	NA	NA	-0.2618	NA	0.0126	-0.1443	NA	0.0832	0.1045	0.4236	-0.1072	-0.4037	-0.1403	-0.2186	0.0764	0.0846	NA	0.2397	-0.1748	-0.2387	NA	0.1329	NA
JU.1	-0.3098	-0.09	0.0819	0.2452	-0.0192	0.2549	-0.0184	-0.2016	-0.0998	-0.0971	-0.064	-0.2618	0.1511	0.0126	-0.1443	-0.3094	0.0832	NA	0.4236	-0.1072	-0.4037	-0.1403	-0.2186	0.0764	0.0846	0.348	0.2397	-0.1748	-0.2387	0.094	0.1329	NA
KA	0.0095	-0.0659	0.1956	-0.1545	0.1725	0.0577	-0.0983	-0.0724	0.2183	NA	NA	-0.4159	0.2471	0.2239	0.0292	0.2475	0.4646	NA	0.053900000000000003	0.097	-0.3586	-0.0045	-0.1049	-0.1627	0.1477	NA	0.242	0.1543	-0.1084	NA	0.1426	NA
KI.M2	0.0131	0.0763	-0.2736	-0.3172	-0.1176	-0.3478	0.0508	0.1154	-0.108	NA	NA	-0.0309	-0.4592	-0.0568	-0.3219	-0.1858	-0.327	NA	-0.2763	-0.1138	0.031	-0.0472	-0.2878	-0.0971	0.0018	NA	-0.1881	0.053900000000000003	-0.0944	NA	-0.186	NA
MD.J	0.1314	0.1929	-0.2335	-0.1753	0.0433	0.1165	-0.1682	NA	0.1854	NA	NA	-0.2544	NA	0.1919	0.0295	0.1029	0.2351	NA	-0.1916	0.0544	-0.2396	0.1696	-0.0709	-0.1283	0.0498	NA	0.0978	0.058	-0.0163	NA	0.2123	NA
MD.J.1	0.1314	0.1929	-0.2335	-0.1753	0.0433	0.1165	NA	0.1333	0.1854	-0.1375	-0.0487	NA	-0.1207	0.1919	0.0295	0.1029	0.2351	NA	-0.1916	0.0544	-0.2396	0.1696	-0.0709	-0.1283	0.0498	-0.0154	0.0978	0.058	-0.0163	0.0619	0.2123	-0.0069
MO	0.1296	0.1818	0.0118	-0.1278	-0.0691	0.1172	NA	-0.1886	0.0838	-0.0514	-0.1147	-0.1088	-0.2533	-0.1831	-0.1839	0.1409	-0.014	NA	-0.1887	-0.106	-0.0925	-0.0852	-0.1651	0.1013	-0.0796	-0.088	0.007	-0.0717	-0.3569	-0.1946	0.0088	0.0146
MY.M2	-0.1992	0.0717	0.032	-0.1936	-0.3571	-0.4017	-0.1862	0.0653	-0.0474	NA	NA	-0.0605	0.1111	-0.0389	-0.0398	0.0515	-0.0477	NA	-0.359	-0.0091	0.0701	-0.025	0.3869	-0.0886	-0.3055	NA	-0.0309	0.156	0.1315	-0.1103	-0.3714	NA
MY.M2.1	-0.1992	0.0717	0.032	-0.1936	-0.3571	-0.4017	NA	0.0653	-0.0474	-0.1546	-0.1769	-0.0605	0.1111	-0.0389	-0.0398	0.0515	-0.0477	NA	-0.359	-0.0091	0.0701	-0.025	0.3869	-0.0886	-0.3055	0.026	-0.0309	0.156	0.1315	-0.1103	-0.3714	-0.2041
NY	0.2195	0.1634	0.0204	-0.2496	-0.1658	-0.3406	-0.1342	NA	NA	NA	NA	0.1358	NA	-0.1517	0.3189	NA	-0.186	-0.0718	-0.1122	0.4184	0.4239	0.4252	0.5912	-0.3139	-0.248	NA	0.0697	0.1929	0.3761	NA	-0.0922	NA
NY.1	0.2195	0.1634	0.0204	-0.2496	-0.1658	-0.3406	-0.1342	0.2105	0.0503	0.2105	0.464	0.1358	0.1454	-0.1517	0.3189	-0.0374	-0.186	NA	-0.1122	0.4184	0.4239	0.4252	0.5912	-0.3139	-0.248	-0.095	0.0697	0.1929	0.3761	-0.0139	-0.0922	NA
OL.N	-0.1152	0.1402	0.0481	0.0498	-0.1467	-0.0478	-0.2778	-0.082	0.0237	-0.4066	0.118	-0.044	0.4646	0.1391	-0.0231	-0.0999	0.0562	NA	-0.1902	-0.193	-0.2918	-0.0069	0.0233	0.0986	0.1627	0.1549	0.3242	-0.1068	-0.1753	-0.0931	0.0448	-0.3013
PL	-0.2979	-0.0189	0.0502	0.1076	-0.1446	0.1195	-0.1641	-0.1337	-0.0825	NA	NA	-0.094	0.3685	0.1946	-0.2359	-0.2609	-0.0319	NA	-0.0394	-0.2403	-0.0743	-0.241	-0.1143	0.3254	0.3873	NA	0.4381	0.0613	-0.1195	0.013	0.0469	NA
PL.1	-0.2979	-0.0189	0.0502	0.1076	-0.1446	0.1195	NA	-0.1337	-0.0825	-0.0257	-0.0451	-0.094	0.3685	0.1946	-0.2359	-0.2609	-0.0319	NA	-0.0394	-0.2403	-0.0743	-0.241	-0.1143	0.3254	0.3873	0.4941	0.4381	0.0613	-0.1195	0.013	0.0469	-0.3573
RN.M2	-0.2661	0.0145	-0.0277	0.0312	-0.3602	-0.2367	NA	0.118	0.3921	0.0078	-0.2924	NA	0.1585	-0.0415	-0.2619	-0.0742	0.0414	NA	-0.1604	-0.2643	0.1225	-0.1488	0.1965	0.0808	0.0894	0.2531	0.1386	0.4359	0.0748	0.205	-0.2032	-0.2679
SA	-0.3327	0.0368	0.2622	-0.1048	0.2743	0.1688	0.0584	NA	NA	NA	NA	-0.1345	NA	0.0357	0.1873	NA	0.0585	0.3453	0.0132	0.2465	-0.0662	0.1111	-0.238	0.099	0.0542	NA	0.3642	0.0619	-0.0083	NA	0.5242	NA
SA.1	-0.3327	0.0368	0.2622	-0.1048	0.2743	0.1688	0.0584	0.0307	0.1306	-0.0713	0.3249	-0.1345	0.2614	0.0357	0.1873	0.1038	0.0585	NA	0.0132	0.2465	-0.0662	0.1111	-0.238	0.099	0.0542	0.099	0.3642	0.0619	-0.0083	0.2129	0.5242	NA
SA.2	-0.3327	0.0368	0.2622	-0.1048	0.2743	0.1688	NA	0.0307	0.1306	-0.0713	0.3249	-0.1345	0.2614	0.0357	0.1873	0.1038	0.0585	NA	0.0132	0.2465	-0.0662	0.1111	-0.238	0.099	0.0542	0.099	0.3642	0.0619	-0.0083	0.2129	0.5242	0.0013
TN.M2	0.1819	0.2919	0.3753	0.093	-0.0638	-0.0625	0.2113	-0.0968	0.2302	NA	NA	-0.1107	-0.0346	-0.0362	0.0175	-0.1524	-0.1364	NA	0.0961	0.2953	-0.0367	0.0982	0.0118	-0.0286	0.0376	NA	0.2575	0.3266	-0.2453	0.1562	0.2591	NA
TZ	0.0868	-0.1532	-0.0768	-0.2088	0.0519	0.207	-0.2	0.0313	0.0931	NA	NA	-0.0522	-0.0258	-0.0266	-0.156	-0.0674	0.1169	NA	-0.0487	-0.2268	-0.0913	-0.3686	-0.3514	0.0508	0.1283	NA	-0.1519	0.1374	0.2366	0.3831	NA	NA
TZ.1	0.0868	-0.1532	-0.0768	-0.2088	0.0519	0.207	NA	0.0313	0.0931	-0.1625	-0.2549	-0.0522	-0.0258	-0.0266	-0.156	-0.0674	0.1169	NA	-0.0487	-0.2268	-0.0913	-0.3686	-0.3514	0.0508	0.1283	-0.1525	-0.1519	0.1374	0.2366	0.3831	NA	0.0652
UR	-0.1423	-0.2515	0.0118	0.0653	0.0133	0.2821	-0.1876	NA	NA	NA	NA	-0.3156	NA	0.148	0.0972	NA	0.4072	0.2464	-0.0682	-0.2102	-0.2033	-0.2603	-0.2682	0.0061	0.1702	NA	0.1634	-0.0289	0.1039	NA	0.1129	NA
UR.1	-0.1423	-0.2515	0.0118	0.0653	0.0133	0.2821	-0.1876	0.194	0.2426	-0.2593	-0.2303	-0.3156	0.3611	0.148	0.0972	0.2282	0.4072	NA	-0.0682	-0.2102	-0.2033	-0.2603	-0.2682	0.0061	0.1702	0.0584	0.1634	-0.0289	0.1039	-0.0205	0.1129	NA
VD	-0.2535	0.0643	-0.1779	-0.1755	0.0192	0.1642	0.0274	NA	NA	NA	NA	-0.2667	NA	-0.3743	-0.1881	NA	-0.1183	0.0432	0.147	-0.0833	-0.125	-0.2583	-0.2684	0.0772	-0.0433	NA	0.0118	0.0318	-0.0532	NA	0.0144	NA
VD.1	-0.2535	0.0643	-0.1779	-0.1755	0.0192	0.1642	NA	-0.0688	-0.0089	0.1827	0.0361	-0.2667	-0.28	-0.3743	-0.1881	-0.138	-0.1183	NA	0.147	-0.0833	-0.125	-0.2583	-0.2684	0.0772	-0.0433	0.0772	0.0118	0.0318	-0.0532	0.2184	0.0144	-0.0469
VN.J	-0.3326	0.0273	-0.0761	-0.1935	0.1413	0.4118	0.3478	-0.2103	0.0754	0.0779	-0.1759	0.1123	-0.3392	-0.1459	-0.491	-0.1532	-0.2312	NA	0.1067	-0.2642	-0.2038	-0.2698	-0.473	0.2779	0.2849	0.1575	0.218	0.1734	-0.3647	0.2256	0.3399	0.1758
XI	0.1255	-0.0594	-0.1991	-0.0974	-0.2129	-0.0843	0.107	NA	-0.0197	NA	NA	-0.0323	NA	-0.1089	-0.2544	-0.2358	-0.1472	NA	0.0144	-0.1673	-0.1093	-0.208	-0.4373	-0.0047	0.1032	NA	-0.1047	-0.0382	-0.053900000000000003	NA	-0.2529	NA
XI.1	0.1255	-0.0594	-0.1991	-0.0974	-0.2129	-0.0843	0.107	0.0795	-0.0197	-0.0174	-0.281	-0.0323	-0.2774	-0.1089	-0.2544	-0.2358	-0.1472	NA	0.0144	-0.1673	-0.1093	-0.208	-0.4373	-0.0047	0.1032	-0.0549	-0.1047	-0.0382	-0.053900000000000003	0.064	-0.2529	0.0557
YA	-0.3901	-0.1245	-0.0151	0.1386	-0.1417	-0.2515	0.0425	NA	0.0632	NA	NA	-0.0952	NA	-0.1258	-0.3716	-0.3641	-0.3281	NA	-0.0905	-0.1384	-0.1752	-0.068	-0.1995	0.0303	0.2408	NA	-0.0203	-0.155	-0.2644	NA	-0.0183	NA
YA.1	-0.3901	-0.1245	-0.0151	0.1386	-0.1417	-0.2515	0.0425	-0.1314	0.0632	0.1145	-0.2009	-0.0952	-0.3845	-0.1258	-0.3716	-0.3641	-0.3281	NA	-0.0905	-0.1384	-0.1752	-0.068	-0.1995	0.0303	0.2408	0.0303	-0.0203	-0.155	-0.2644	0.0976	-0.0183	NA
ZU	-0.184	0.0819	0.0994	-0.0114	-0.1039	-0.0533	-0.3403	0.0212	0.0733	NA	NA	-0.3639	0.1688	-0.0815	-0.1366	0.0185	-0.0832	NA	-0.2456	-0.3484	-0.1902	-0.1913	-0.2146	0.0938	0.1583	NA	0.0376	-0.0013	-0.0738	0.1631	0.0962	NA
ZU.1	-0.184	0.0819	0.0994	-0.0114	-0.1039	-0.0533	NA	0.0212	0.0733	-0.305	-0.1636	-0.3639	0.1688	-0.0815	-0.1366	0.0185	-0.0832	NA	-0.2456	-0.3484	-0.1902	-0.1913	-0.2146	0.0938	0.1583	-0.1894	0.0376	-0.0013	-0.0738	0.1631	0.0962	-0.1301
